0.000000000000000000e+00 0.000000000000000000e+00
9.969159096037273626e-02 0.000000000000000000e+00
1.993831819207454725e-01 0.000000000000000000e+00
2.990747728811182227e-01 0.000000000000000000e+00
3.987663638414909451e-01 0.000000000000000000e+00
4.984579548018636674e-01 0.000000000000000000e+00
5.981495457622364453e-01 0.000000000000000000e+00
6.978411367226091677e-01 0.000000000000000000e+00
7.975327276829818901e-01 0.000000000000000000e+00
8.972243186433546125e-01 0.000000000000000000e+00
9.969159096037273349e-01 0.000000000000000000e+00
1.096607500564100057e+00 0.000000000000000000e+00
1.196299091524472891e+00 0.000000000000000000e+00
1.295990682484845502e+00 0.000000000000000000e+00
1.395682273445218335e+00 0.000000000000000000e+00
1.495373864405590947e+00 0.000000000000000000e+00
1.595065455365963780e+00 0.000000000000000000e+00
1.694757046326336614e+00 0.000000000000000000e+00
1.794448637286709225e+00 0.000000000000000000e+00
1.894140228247082058e+00 0.000000000000000000e+00
1.993831819207454670e+00 0.000000000000000000e+00
2.093523410167827503e+00 0.000000000000000000e+00
2.193215001128200115e+00 0.000000000000000000e+00
2.292906592088572726e+00 0.000000000000000000e+00
2.392598183048945781e+00 0.000000000000000000e+00
2.492289774009318393e+00 0.000000000000000000e+00
2.591981364969691004e+00 0.000000000000000000e+00
2.691672955930064060e+00 0.000000000000000000e+00
2.791364546890436671e+00 0.000000000000000000e+00
2.891056137850809282e+00 0.000000000000000000e+00
2.990747728811181894e+00 0.000000000000000000e+00
3.090439319771554949e+00 0.000000000000000000e+00
3.190130910731927560e+00 0.000000000000000000e+00
3.289822501692300172e+00 0.000000000000000000e+00
3.389514092652673227e+00 0.000000000000000000e+00
3.489205683613045839e+00 0.000000000000000000e+00
3.588897274573418450e+00 0.000000000000000000e+00
3.688588865533791061e+00 0.000000000000000000e+00
3.788280456494164117e+00 0.000000000000000000e+00
3.887972047454536728e+00 0.000000000000000000e+00
3.987663638414909340e+00 0.000000000000000000e+00
4.087355229375281951e+00 0.000000000000000000e+00
4.187046820335655006e+00 0.000000000000000000e+00
4.286738411296028062e+00 0.000000000000000000e+00
4.386430002256400229e+00 0.000000000000000000e+00
4.486121593216773284e+00 0.000000000000000000e+00
4.585813184177145452e+00 0.000000000000000000e+00
4.685504775137518507e+00 0.000000000000000000e+00
4.785196366097891563e+00 0.000000000000000000e+00
4.884887957058263730e+00 0.000000000000000000e+00
4.984579548018636785e+00 0.000000000000000000e+00
5.084271138979009841e+00 0.000000000000000000e+00
5.183962729939382008e+00 0.000000000000000000e+00
5.283654320899755064e+00 0.000000000000000000e+00
5.383345911860128119e+00 0.000000000000000000e+00
5.483037502820500286e+00 0.000000000000000000e+00
5.582729093780873342e+00 0.000000000000000000e+00
5.682420684741246397e+00 0.000000000000000000e+00
5.782112275701618564e+00 0.000000000000000000e+00
5.881803866661991620e+00 0.000000000000000000e+00
5.981495457622363787e+00 0.000000000000000000e+00
6.081187048582736843e+00 0.000000000000000000e+00
6.180878639543109898e+00 0.000000000000000000e+00
6.280570230503482065e+00 0.000000000000000000e+00
6.380261821463855121e+00 0.000000000000000000e+00
6.479953412424228176e+00 0.000000000000000000e+00
6.579645003384600344e+00 0.000000000000000000e+00
6.679336594344973399e+00 0.000000000000000000e+00
6.779028185305346454e+00 0.000000000000000000e+00
6.878719776265718622e+00 0.000000000000000000e+00
6.978411367226091677e+00 0.000000000000000000e+00
7.078102958186463844e+00 0.000000000000000000e+00
7.177794549146836900e+00 0.000000000000000000e+00
7.277486140107209955e+00 0.000000000000000000e+00
7.377177731067582123e+00 0.000000000000000000e+00
7.476869322027955178e+00 0.000000000000000000e+00
7.576560912988328234e+00 0.000000000000000000e+00
7.676252503948700401e+00 0.000000000000000000e+00
7.775944094909073456e+00 0.000000000000000000e+00
7.875635685869446512e+00 0.000000000000000000e+00
7.975327276829818679e+00 0.000000000000000000e+00
8.075018867790191734e+00 0.000000000000000000e+00
8.174710458750563902e+00 0.000000000000000000e+00
8.274402049710937845e+00 1.000000000000000000e+00
8.374093640671310013e+00 1.000000000000000000e+00
8.473785231631682180e+00 1.000000000000000000e+00
8.573476822592056124e+00 1.000000000000000000e+00
8.673168413552428291e+00 1.000000000000000000e+00
8.772860004512800458e+00 1.000000000000000000e+00
8.872551595473174402e+00 1.000000000000000000e+00
8.972243186433546569e+00 1.000000000000000000e+00
9.071934777393918736e+00 1.000000000000000000e+00
9.171626368354290904e+00 1.000000000000000000e+00
9.271317959314664847e+00 1.000000000000000000e+00
9.371009550275037014e+00 1.000000000000000000e+00
9.470701141235409182e+00 1.000000000000000000e+00
9.570392732195783125e+00 1.000000000000000000e+00
9.670084323156155293e+00 1.000000000000000000e+00
9.769775914116527460e+00 1.000000000000000000e+00
9.869467505076901404e+00 1.000000000000000000e+00
9.969159096037273571e+00 1.000000000000000000e+00
1.006885068699764574e+01 1.000000000000000000e+00
1.016854227795801968e+01 1.000000000000000000e+00
1.026823386891839185e+01 1.000000000000000000e+00
1.036792545987876402e+01 1.000000000000000000e+00
1.046761705083913796e+01 1.000000000000000000e+00
1.056730864179951013e+01 1.000000000000000000e+00
1.066700023275988229e+01 1.000000000000000000e+00
1.076669182372025624e+01 1.000000000000000000e+00
1.086638341468062841e+01 1.000000000000000000e+00
1.096607500564100057e+01 1.000000000000000000e+00
1.106576659660137452e+01 1.000000000000000000e+00
1.116545818756174668e+01 1.000000000000000000e+00
1.126514977852211885e+01 0.000000000000000000e+00
1.136484136948249279e+01 0.000000000000000000e+00
1.146453296044286496e+01 0.000000000000000000e+00
1.156422455140323713e+01 0.000000000000000000e+00
1.166391614236360930e+01 0.000000000000000000e+00
1.176360773332398324e+01 0.000000000000000000e+00
1.186329932428435541e+01 0.000000000000000000e+00
1.196299091524472757e+01 0.000000000000000000e+00
1.206268250620510152e+01 0.000000000000000000e+00
1.216237409716547369e+01 0.000000000000000000e+00
1.226206568812584585e+01 0.000000000000000000e+00
1.236175727908621980e+01 0.000000000000000000e+00
1.246144887004659196e+01 0.000000000000000000e+00
1.256114046100696413e+01 0.000000000000000000e+00
1.266083205196733807e+01 0.000000000000000000e+00
1.276052364292771024e+01 0.000000000000000000e+00
1.286021523388808241e+01 0.000000000000000000e+00
1.295990682484845635e+01 0.000000000000000000e+00
1.305959841580882852e+01 0.000000000000000000e+00
1.315929000676920069e+01 0.000000000000000000e+00
1.325898159772957463e+01 0.000000000000000000e+00
1.335867318868994680e+01 0.000000000000000000e+00
1.345836477965031897e+01 0.000000000000000000e+00
1.355805637061069291e+01 0.000000000000000000e+00
1.365774796157106508e+01 0.000000000000000000e+00
1.375743955253143724e+01 0.000000000000000000e+00
1.385713114349181119e+01 0.000000000000000000e+00
1.395682273445218335e+01 0.000000000000000000e+00
1.405651432541255552e+01 0.000000000000000000e+00
1.415620591637292769e+01 0.000000000000000000e+00
