0.000000000000000000e+00 9.936576249652993020e-01
9.969159096037273626e-02 9.910175298135164290e-01
1.993831819207454725e-01 9.871252630393025917e-01
2.990747728811182227e-01 9.813145702411382176e-01
3.987663638414909451e-01 9.725318148546724384e-01
4.984579548018636674e-01 9.591040148024081446e-01
5.981495457622364453e-01 9.383889457294201097e-01
6.978411367226091677e-01 9.063145371963368113e-01
7.975327276829818901e-01 8.570028373729839943e-01
8.972243186433546125e-01 7.832590755453050502e-01
9.969159096037273349e-01 6.798330521846666086e-01
1.096607500564100057e+00 5.510025659983387447e-01
1.196299091524472891e+00 4.151184016602726401e-01
1.295990682484845502e+00 2.912789138029409641e-01
1.395682273445218335e+00 1.875318221212582126e-01
1.495373864405590947e+00 1.075924589514333646e-01
1.595065455365963780e+00 5.306780106774698635e-02
1.694757046326336614e+00 2.169154769156549090e-02
1.794448637286709225e+00 7.151944423819955182e-03
1.894140228247082058e+00 1.878448016094739484e-03
1.993831819207454670e+00 3.874271353170414558e-04
2.093523410167827503e+00 6.093546771799492756e-05
2.193215001128200115e+00 7.172264936172020316e-06
2.292906592088572726e+00 6.428468441322004578e-07
2.392598183048945781e+00 4.761433139588205849e-08
2.492289774009318393e+00 3.443321694610061950e-09
2.591981364969691004e+00 3.035863428282622580e-10
2.691672955930064060e+00 4.125293914339284157e-11
2.791364546890436671e+00 1.070607638338539511e-11
2.891056137850809282e+00 6.212401641722035870e-12
2.990747728811181894e+00 8.565931717466829629e-12
3.090439319771554949e+00 2.651949658050588893e-11
3.190130910731927560e+00 1.567431072446383398e-10
3.289822501692300172e+00 1.408351750641248961e-09
3.389514092652673227e+00 1.523261030104044234e-08
3.489205683613045839e+00 1.685740110687748912e-07
3.588897274573418450e+00 1.693744170043945880e-06
3.688588865533791061e+00 1.295330106585571851e-05
3.788280456494164117e+00 6.785103077137711648e-05
3.887972047454536728e+00 2.295668577190643699e-04
3.987663638414909340e+00 4.764249150871187962e-04
4.087355229375281951e+00 5.895268542291693271e-04
4.187046820335655006e+00 4.324293113516149709e-04
4.286738411296028062e+00 1.897227232996126652e-04
4.386430002256400229e+00 5.148319249219702218e-05
4.486121593216773284e+00 9.119832853246006291e-06
4.585813184177145452e+00 1.120951500639973391e-06
4.685504775137518507e+00 1.082078845907882766e-07
4.785196366097891563e+00 9.740710763240030514e-09
4.884887957058263730e+00 9.179600907870986350e-10
4.984579548018636785e+00 1.084038461295028592e-10
5.084271138979009841e+00 2.035270898686054237e-11
5.183962729939382008e+00 7.566602464512568293e-12
5.283654320899755064e+00 6.439298176460008106e-12
5.383345911860128119e+00 1.298749835959049075e-11
5.483037502820500286e+00 5.723623366009368076e-11
5.582729093780873342e+00 4.643605799598078999e-10
5.682420684741246397e+00 5.562431964183498866e-09
5.782112275701618564e+00 7.779504702230180961e-08
5.881803866661991620e+00 1.024186672206196419e-06
5.981495457622363787e+00 1.090377968073815500e-05
6.081187048582736843e+00 8.778604280594222463e-05
6.180878639543109898e+00 5.295728264163269364e-04
6.280570230503482065e+00 2.450324885364230966e-03
6.380261821463855121e+00 8.937695359131948847e-03
6.479953412424228176e+00 2.601392496474552382e-02
6.579645003384600344e+00 6.130879265295449687e-02
6.679336594344973399e+00 1.205146671376824685e-01
6.779028185305346454e+00 2.050811911499148543e-01
6.878719776265718622e+00 3.128821040148128674e-01
6.978411367226091677e+00 4.398440176920723754e-01
7.078102958186463844e+00 5.761402410535593210e-01
7.177794549146836900e+00 7.012764416578211035e-01
7.277486140107209955e+00 7.991056854725478997e-01
7.377177731067582123e+00 8.677813270124583589e-01
7.476869322027955178e+00 9.133685418341662698e-01
7.576560912988328234e+00 9.429463494200006624e-01
7.676252503948700401e+00 9.620504977812746050e-01
7.775944094909073456e+00 9.744512066984799548e-01
7.875635685869446512e+00 9.825784351573487729e-01
7.975327276829818679e+00 9.879676211861977420e-01
8.075018867790191734e+00 9.915859964141581218e-01
8.174710458750563902e+00 9.940460053317846656e-01
8.274402049710937845e+00 9.957390255336159290e-01
8.374093640671310013e+00 9.969179496533693285e-01
8.473785231631682180e+00 9.977481297941940275e-01
8.573476822592056124e+00 9.983389801238978789e-01
8.673168413552428291e+00 9.987637566359577335e-01
8.772860004512800458e+00 9.990720683412204206e-01
8.872551595473174402e+00 9.992978802979188835e-01
8.972243186433546569e+00 9.994646915947424937e-01
9.071934777393918736e+00 9.995889235062485056e-01
9.171626368354290904e+00 9.996821609962169841e-01
9.271317959314664847e+00 9.997526514681835952e-01
9.371009550275037014e+00 9.998063171760107615e-01
9.470701141235409182e+00 9.998474458437165424e-01
9.570392732195783125e+00 9.998791662142784142e-01
9.670084323156155293e+00 9.999037784557809339e-01
9.769775914116527460e+00 9.999229857025321300e-01
9.869467505076901404e+00 9.999380576512548746e-01
9.969159096037273571e+00 9.999499470619829244e-01
1.006885068699764574e+01 9.999593733473529644e-01
1.016854227795801968e+01 9.999668829814480908e-01
1.026823386891839185e+01 9.999728934588179019e-01
1.036792545987876402e+01 9.999777254956787598e-01
1.046761705083913796e+01 9.999816267685451843e-01
1.056730864179951013e+01 9.999847895215098204e-01
1.066700023275988229e+01 9.999873637026109874e-01
1.076669182372025624e+01 9.999894668201098069e-01
1.086638341468062841e+01 9.999911913779270245e-01
1.096607500564100057e+01 9.999926105143310817e-01
1.106576659660137452e+01 9.999937822996147752e-01
1.116545818756174668e+01 9.999947530277110141e-01
1.126514977852211885e+01 9.999955597490992609e-01
1.136484136948249279e+01 9.999962322287151428e-01
1.146453296044286496e+01 9.999967944661063424e-01
1.156422455140323713e+01 9.999972658806307590e-01
1.166391614236360930e+01 9.999976622393587089e-01
1.176360773332398324e+01 9.999979963863818710e-01
1.186329932428435541e+01 9.999982788182690818e-01
1.196299091524472757e+01 9.999985181397725853e-01
1.206268250620510152e+01 9.999987214260455115e-01
1.216237409716547369e+01 9.999988945115519945e-01
1.226206568812584585e+01 9.999990422212463592e-01
1.236175727908621980e+01 9.999991685562235055e-01
1.246144887004659196e+01 9.999992768432623969e-01
1.256114046100696413e+01 9.999993698556228772e-01
1.266083205196733807e+01 9.999994499109781110e-01
1.276052364292771024e+01 9.999995189509947036e-01
1.286021523388808241e+01 9.999995786062196856e-01
1.295990682484845635e+01 9.999996302490838929e-01
1.305959841580882852e+01 9.999996750373790766e-01
1.315929000676920069e+01 9.999997139499635646e-01
1.325898159772957463e+01 9.999997478161825049e-01
1.335867318868994680e+01 9.999997773401785306e-01
1.345836477965031897e+01 9.999998031209744731e-01
1.355805637061069291e+01 9.999998256692133047e-01
1.365774796157106508e+01 9.999998454209975129e-01
1.375743955253143724e+01 9.999998627494957049e-01
1.385713114349181119e+01 9.999998779746070987e-01
1.395682273445218335e+01 9.999998913710322901e-01
1.405651432541255552e+01 9.999999031751046763e-01
1.415620591637292769e+01 9.999999135904710235e-01
