0.000000000000000000e+00 3.901340596975951674e-02
9.969159096037273626e-02 3.894601492828730221e-02
1.993831819207454725e-01 3.889880513353315139e-02
2.990747728811182227e-01 3.884761383002698076e-02
3.987663638414909451e-01 3.878524373220013782e-02
4.984579548018636674e-01 3.870113234670823771e-02
5.981495457622364453e-01 3.857949294564463893e-02
6.978411367226091677e-01 3.839708149836108114e-02
7.975327276829818901e-01 3.811831437115520416e-02
8.972243186433546125e-01 3.768387788548260148e-02
9.969159096037273349e-01 3.697845875224677059e-02
1.096607500564100057e+00 3.571082125894538967e-02
1.196299091524472891e+00 3.281230852225008182e-02
1.295990682484845502e+00 2.327890297508716441e-02
1.395682273445218335e+00 -2.404643426043798909e-02
1.495373864405590947e+00 -1.386412209284730301e-01
1.595065455365963780e+00 -3.415678572970410887e-01
1.694757046326336614e+00 -6.611654524461993976e-01
1.794448637286709225e+00 -1.137785433957302139e+00
1.894140228247082058e+00 -1.828813116567587826e+00
1.993831819207454670e+00 -2.806357694225980470e+00
2.093523410167827503e+00 -4.146165822017246150e+00
2.193215001128200115e+00 -5.927105310814765105e+00
2.292906592088572726e+00 -8.212709359788066266e+00
2.392598183048945781e+00 -1.101887651373022337e+01
2.492289774009318393e+00 -1.427672320386921712e+01
2.591981364969691004e+00 -1.779802769534012796e+01
2.691672955930064060e+00 -2.126534523382607489e+01
2.791364546890436671e+00 -2.426285135134454762e+01
2.891056137850809282e+00 -2.635575781933938444e+01
2.990747728811181894e+00 -2.720347399789150344e+01
3.090439319771554949e+00 -2.666234588676577744e+01
3.190130910731927560e+00 -2.483224077353770198e+01
3.289822501692300172e+00 -2.202484459406702655e+01
3.389514092652673227e+00 -1.866883735543619593e+01
3.489205683613045839e+00 -1.519562261520760771e+01
3.588897274573418450e+00 -1.195264175542116369e+01
3.688588865533791061e+00 -9.163847653153462502e+00
3.788280456494164117e+00 -6.933834918397601577e+00
3.887972047454536728e+00 -5.279315540207680790e+00
3.987663638414909340e+00 -4.165566799600309622e+00
4.087355229375281951e+00 -3.541672086782635898e+00
4.187046820335655006e+00 -3.367130748887808167e+00
4.286738411296028062e+00 -3.627941147173173508e+00
4.386430002256400229e+00 -4.343445591099009739e+00
4.486121593216773284e+00 -5.557218171958163033e+00
4.585813184177145452e+00 -7.319009536237754965e+00
4.685504775137518507e+00 -9.656914073046456437e+00
4.785196366097891563e+00 -1.254077152567940168e+01
4.884887957058263730e+00 -1.584595157883107674e+01
4.984579548018636785e+00 -1.932519162431873383e+01
5.084271138979009841e+00 -2.261128138854775926e+01
5.183962729939382008e+00 -2.526593370881826672e+01
5.283654320899755064e+00 -2.687369186507443075e+01
5.383345911860128119e+00 -2.715633646930670153e+01
5.483037502820500286e+00 -2.605895060453180534e+01
5.582729093780873342e+00 -2.376703607474962610e+01
5.682420684741246397e+00 -2.064681126880428153e+01
5.782112275701618564e+00 -1.713726428617412267e+01
5.881803866661991620e+00 -1.364052222721907093e+01
5.981495457622363787e+00 -1.045108962077791226e+01
6.081187048582736843e+00 -7.733922989417905569e+00
6.180878639543109898e+00 -5.539828503506588397e+00
6.280570230503482065e+00 -3.842190558195871741e+00
6.380261821463855121e+00 -2.573434865564501628e+00
6.479953412424228176e+00 -1.654721047609572393e+00
6.579645003384600344e+00 -1.010713360094332769e+00
6.679336594344973399e+00 -5.708454277141508104e-01
6.779028185305346454e+00 -2.804572397392398608e-01
6.878719776265718622e+00 -1.011105557939517563e-01
6.978411367226091677e+00 -5.348105458127680456e-03
7.078102958186463844e+00 2.858080326818702999e-02
7.177794549146836900e+00 3.421941570432887603e-02
7.277486140107209955e+00 3.524079306058024164e-02
7.377177731067582123e+00 3.506795654263906992e-02
7.476869322027955178e+00 3.442874308228173474e-02
7.576560912988328234e+00 3.353272748084804022e-02
7.676252503948700401e+00 3.246765986485387195e-02
7.775944094909073456e+00 3.128107254102917983e-02
7.875635685869446512e+00 3.000319840704854940e-02
7.975327276829818679e+00 2.865520210794094899e-02
8.075018867790191734e+00 2.725275354545650397e-02
8.174710458750563902e+00 2.580776979798926965e-02
8.274402049710937845e+00 2.432957678980895988e-02
8.374093640671310013e+00 2.282995361643375826e-02
8.473785231631682180e+00 2.135879775960592558e-02
8.573476822592056124e+00 1.992500180671608057e-02
8.673168413552428291e+00 1.853205105041610956e-02
8.772860004512800458e+00 1.718260590933404913e-02
8.872551595473174402e+00 1.587877936458025399e-02
8.972243186433546569e+00 1.462223659566685811e-02
9.071934777393918736e+00 1.341428084977441468e-02
9.171626368354290904e+00 1.225593521818358136e-02
9.271317959314664847e+00 1.114799746158007254e-02
9.371009550275037014e+00 1.009109314798591756e-02
9.470701141235409182e+00 9.085708305084575290e-03
9.570392732195783125e+00 8.132223991716426917e-03
9.670084323156155293e+00 7.230935116074126839e-03
9.769775914116527460e+00 6.382073079515616573e-03
9.869467505076901404e+00 5.585816172277315202e-03
9.969159096037273571e+00 4.842304583497255253e-03
1.006885068699764574e+01 4.151645782263707618e-03
1.016854227795801968e+01 3.513924566892537987e-03
1.026823386891839185e+01 2.929205556491735335e-03
1.036792545987876402e+01 2.397539983095177060e-03
1.046761705083913796e+01 1.918966619548519506e-03
1.056730864179951013e+01 1.493516396376905545e-03
1.066700023275988229e+01 1.121212550317692361e-03
1.076669182372025624e+01 8.020737331228440514e-04
1.086638341468062841e+01 5.361138445128168367e-04
1.096607500564100057e+01 3.233442515540620177e-04
1.106576659660137452e+01 1.637774884505859008e-04
1.116545818756174668e+01 5.745444786388331782e-05
1.126514977852211885e+01 4.311078324466602330e-06
1.136484136948249279e+01 -1.838741085086192939e-07
1.146453296044286496e+01 -1.251673165461597570e-07
1.156422455140323713e+01 -4.564389408621971622e-08
1.166391614236360930e+01 -1.243088559432087292e-08
1.176360773332398324e+01 1.003884114985503784e-08
1.186329932428435541e+01 2.720620770509107889e-08
1.196299091524472757e+01 3.999833600790148047e-08
1.206268250620510152e+01 4.924945574621975020e-08
1.216237409716547369e+01 5.537623820606185632e-08
1.226206568812584585e+01 5.900229016995994780e-08
1.236175727908621980e+01 6.031010499167599459e-08
1.246144887004659196e+01 5.978649941958125158e-08
1.256114046100696413e+01 5.747118624922775698e-08
1.266083205196733807e+01 5.376964815669710296e-08
1.276052364292771024e+01 4.863762863901305300e-08
1.286021523388808241e+01 4.242788122915674975e-08
1.295990682484845635e+01 3.505141381310306059e-08
1.305959841580882852e+01 2.682357099631493824e-08
1.315929000676920069e+01 1.763162764314291087e-08
1.325898159772957463e+01 7.761670463030806433e-09
1.335867318868994680e+01 -2.900949784209738702e-09
1.345836477965031897e+01 -1.409674482569581166e-08
1.355805637061069291e+01 -2.593838911539581016e-08
1.365774796157106508e+01 -3.819645168711381655e-08
1.375743955253143724e+01 -5.092327986914481353e-08
1.385713114349181119e+01 -6.409912943765479210e-08
1.395682273445218335e+01 -7.677979084702406254e-08
1.405651432541255552e+01 -6.591588337873446890e-08
1.415620591637292769e+01 1.330754758699457391e-07
1.425589750733330163e+01 -7.765125244408232694e-08
