0.099692 0.99365762
0.199383 0.99101753
0.299075 0.98712526
0.398766 0.98131457
0.498458 0.97253181
0.598150 0.95910401
0.697841 0.93838895
0.797533 0.90631454
0.897224 0.85700284
0.996916 0.78325908
1.096608 0.67983305
1.196299 0.55100257
1.295991 0.41511840
1.395682 0.29127891
1.495374 0.18753182
1.595065 0.10759246
1.694757 0.05306780
1.794449 0.02169155
1.894140 0.00715194
1.993832 0.00187845
2.093523 0.00038743
2.193215 0.00006094
2.292907 0.00000717
2.392598 0.00000064
2.492290 0.00000005
2.591981 0.00000000
2.691673 0.00000000
2.791365 0.00000000
2.891056 0.00000000
2.990748 0.00000000
3.090439 0.00000000
3.190131 0.00000000
3.289823 0.00000000
3.389514 0.00000000
3.489206 0.00000002
3.588897 0.00000017
3.688589 0.00000169
3.788280 0.00001295
3.887972 0.00006785
3.987664 0.00022957
4.087355 0.00047642
4.187047 0.00058953
4.286738 0.00043243
4.386430 0.00018972
4.486122 0.00005148
4.585813 0.00000912
4.685505 0.00000112
4.785196 0.00000011
4.884888 0.00000001
4.984580 0.00000000
5.084271 0.00000000
5.183963 0.00000000
5.283654 0.00000000
5.383346 0.00000000
5.483038 0.00000000
5.582729 0.00000000
5.682421 0.00000000
5.782112 0.00000001
5.881804 0.00000008
5.981495 0.00000102
6.081187 0.00001090
6.180879 0.00008779
6.280570 0.00052957
6.380262 0.00245032
6.479953 0.00893770
6.579645 0.02601392
6.679337 0.06130879
6.779028 0.12051467
6.878720 0.20508119
6.978411 0.31288210
7.078103 0.43984402
7.177795 0.57614024
7.277486 0.70127644
7.377178 0.79910569
7.476869 0.86778133
7.576561 0.91336854
7.676253 0.94294635
7.775944 0.96205050
7.875636 0.97445121
7.975327 0.98257844
8.075019 0.98796762
8.174710 0.99158600
8.274402 0.99404601
8.374094 0.99573903
8.473785 0.99691795
8.573477 0.99774813
8.673168 0.99833898
8.772860 0.99876376
8.872552 0.99907207
8.972243 0.99929788
9.071935 0.99946469
9.171626 0.99958892
9.271318 0.99968216
9.371010 0.99975265
9.470701 0.99980632
9.570393 0.99984745
9.670084 0.99987917
9.769776 0.99990378
9.869468 0.99992299
9.969159 0.99993806
10.068851 0.99994995
10.168542 0.99995937
10.268234 0.99996688
10.367925 0.99997289
10.467617 0.99997773
10.567309 0.99998163
10.667000 0.99998479
10.766692 0.99998736
10.866383 0.99998947
10.966075 0.99999119
11.065767 0.99999261
11.165458 0.99999378
11.265150 0.99999475
11.364841 0.99999556
11.464533 0.99999623
11.564225 0.99999679
11.663916 0.99999727
11.763608 0.99999766
11.863299 0.99999800
11.962991 0.99999828
12.062683 0.99999852
12.162374 0.99999872
12.262066 0.99999889
12.361757 0.99999904
12.461449 0.99999917
12.561140 0.99999928
12.660832 0.99999937
12.760524 0.99999945
12.860215 0.99999952
12.959907 0.99999958
13.059598 0.99999963
13.159290 0.99999968
13.258982 0.99999971
13.358673 0.99999975
13.458365 0.99999978
13.558056 0.99999980
13.657748 0.99999983
13.757440 0.99999985
13.857131 0.99999986
13.956823 0.99999988
14.056514 0.99999989
14.156206 0.99999990
14.255898 0.99999991
