0.099692 4.23381087
0.199383 4.23414699
0.299075 4.23447957
0.398766 4.23480130
0.498458 4.23510183
0.598150 4.23536566
0.697841 4.23557003
0.797533 4.23568024
0.897224 4.23563864
0.996916 4.23533314
1.096608 4.23447957
1.196299 4.23202855
1.295991 4.22304374
1.395682 4.17666194
1.495374 4.06350645
1.595065 3.86246188
1.694757 3.54515335
1.794449 3.07125564
1.894140 2.38340556
1.993832 1.40924461
2.093523 0.07255476
2.193215 -1.70582460
2.292907 -3.98949806
2.392598 -6.79430147
2.492290 -10.05123224
2.591981 -13.57193293
2.691673 -17.03882928
2.791365 -20.03599348
2.891056 -22.12857512
2.990748 -22.97596198
3.090439 -22.43450842
3.190131 -20.60409675
3.289823 -17.79641853
3.389514 -14.44013897
3.489206 -10.96663243
3.588897 -7.72330543
3.688589 -4.93407959
3.788280 -2.70352950
3.887972 -1.04836225
3.987664 0.06612806
4.087355 0.69082937
4.187047 0.86621305
4.286738 0.60625287
4.386430 -0.10843705
4.486122 -1.32147797
4.585813 -3.08265126
4.685505 -5.42006038
4.785196 -8.30353849
4.884888 -11.60843128
4.984580 -15.08743792
5.084271 -18.37330304
5.183963 -21.02769968
5.283654 -22.63514694
5.383346 -22.91742267
5.483038 -21.81962211
5.582729 -19.52725969
5.682421 -16.40654466
5.782112 -12.89641991
5.881804 -9.39893051
5.981495 -6.20847189
6.081187 -3.48988500
6.180879 -1.29388005
6.280570 0.40617768
6.380262 1.67769914
6.479953 2.59917142
6.579645 3.24565199
6.679337 3.68768055
6.779028 3.97994223
6.878720 4.16085072
6.978411 4.25780550
7.078103 4.29250523
7.177795 4.29863053
7.277486 4.30007209
7.377178 4.30029697
7.476869 4.30004601
7.576561 4.29953370
7.676253 4.29885013
7.775944 4.29804401
7.875636 4.29714623
7.975327 4.29617829
8.075019 4.29515601
8.174710 4.29409141
8.274402 4.29299382
8.374094 4.29187505
8.473785 4.29078494
8.573477 4.28973239
8.673168 4.28872085
8.772860 4.28775297
8.872552 4.28683082
8.972243 4.28595608
9.071935 4.28513000
9.171626 4.28435363
9.271318 4.28362772
9.371010 4.28295291
9.470701 4.28232966
9.570393 4.28175836
9.670084 4.28123928
9.769776 4.28077268
9.869468 4.28035870
9.969159 4.27999750
10.068851 4.27968917
10.168542 4.27943381
10.268234 4.27923146
10.367925 4.27908219
10.467617 4.27898602
10.567309 4.27894300
10.667000 4.27895313
10.766692 4.27901646
10.866383 4.27913296
10.966075 4.27930268
11.065767 4.27952561
11.165458 4.27980179
11.265150 4.28013117
11.364841 4.28050921
11.464533 4.28089181
11.564225 4.28127444
11.663916 4.28165704
11.763608 4.28203963
11.863299 4.28242223
11.962991 4.28280484
12.062683 4.28318744
12.162374 4.28357006
12.262066 4.28395267
12.361757 4.28433530
12.461449 4.28471793
12.561140 4.28510056
12.660832 4.28548320
12.760524 4.28586585
12.860215 4.28624850
12.959907 4.28663115
13.059598 4.28701381
13.159290 4.28739647
13.258982 4.28777913
13.358673 4.28816180
13.458365 4.28854447
13.558056 4.28892714
13.657748 4.28930982
13.757440 4.28969250
13.857131 4.29007518
13.956823 4.29045786
14.056514 4.29084057
14.156206 4.29122355
14.255898 4.29160596
